1 
0  7536 
1  0 
2  0 
3  0 
4  583 
5  0 
6  0 
7  0 
8  32 
9  0 
10  0 
11  0 
12  5 
13  0 
14  0 
15  0 
16  0 
17  0 
18  0 
19  0 
20  0 
21  0 
22  0 
23  0 
24  0 
25  0 
26  0 
27  0 
28  0 
29  0 
30  0 
31  0 
32  0 
33  0 
34  0 
35  0 
36  0 
37  0 
38  0 
39  0 
40  0 
41  0 
42  0 
43  0 
44  0 
45  0 
46  0 
47  0 
48  0 
49  0 
50  0 
51  0 
52  0 
53  0 
54  0 
55  0 
56  0 
57  0 
58  0 
59  0 
60  0 
61  0 
62  0 
63  0 
64  443 
65  0 
66  0 
67  0 
68  79 
69  0 
70  0 
71  0 
72  4406 
73  1275 
74  0 
75  0 
76  1355 
77  438 
78  0 
79  0 
80  0 
81  15 
82  0 
83  0 
84  0 
85  3 
86  0 
87  0 
88  0 
89  0 
90  0 
91  0 
92  0 
93  0 
94  0 
95  0 
96  0 
97  0 
98  0 
99  0 
100  0 
101  0 
102  0 
103  0 
104  0 
105  0 
106  0 
107  0 
108  0 
109  0 
110  0 
111  0 
112  0 
113  0 
114  0 
115  0 
116  0 
117  0 
118  0 
119  0 
120  0 
121  0 
122  0 
123  0 
124  0 
125  0 
126  0 
127  0 
128  0 
129  0 
130  0 
131  0 
132  0 
133  0 
134  0 
135  0 
136  442 
137  395 
138  0 
139  0 
140  124 
141  201 
142  0 
143  0 
144  197 
145  1121 
146  670 
147  0 
148  60 
149  691 
150  362 
151  0 
152  0 
153  0 
154  40 
155  0 
156  0 
157  0 
158  22 
159  0 
160  0 
161  0 
162  0 
163  0 
164  0 
165  0 
166  0 
167  0 
168  0 
169  0 
170  0 
171  0 
172  0 
173  0 
174  0 
175  0 
176  0 
177  0 
178  0 
179  0 
180  0 
181  0 
182  0 
183  0 
184  0 
185  0 
186  0 
187  0 
188  0 
189  0 
190  0 
191  0 
192  0 
193  0 
194  0 
195  0 
196  0 
197  0 
198  0 
199  0 
200  0 
201  0 
202  0 
203  0 
204  0 
205  0 
206  0 
207  0 
208  2 
209  17 
210  190 
211  0 
212  1 
213  21 
214  113 
215  0 
216  0 
217  0 
218  487 
219  97 
220  0 
221  1 
222  216 
223  78 
224  0 
225  0 
226  0 
227  0 
228  0 
229  0 
230  0 
231  0 
232  0 
233  0 
234  0 
235  0 
236  0 
237  0 
238  0 
239  0 
240  0 
241  0 
242  0 
243  0 
244  0 
245  0 
246  0 
247  0 
248  0 
249  0 
250  0 
251  0 
252  0 
253  0 
254  0 
255  0 
256  91 
257  0 
258  0 
259  0 
260  208 
261  0 
262  0 
263  0 
264  4 
265  0 
266  0 
267  0 
268  2 
269  0 
270  0 
271  0 
272  0 
273  0 
274  0 
275  0 
276  0 
277  0 
278  0 
279  0 
280  0 
281  0 
282  0 
283  0 
284  0 
285  0 
286  0 
287  0 
288  0 
289  0 
290  0 
291  0 
292  0 
293  0 
294  0 
295  0 
296  0 
297  0 
298  0 
299  0 
300  0 
301  0 
302  0 
303  0 
304  0 
305  0 
306  0 
307  0 
308  0 
309  0 
310  0 
311  0 
312  0 
313  0 
314  0 
315  0 
316  0 
317  0 
318  0 
319  0 
320  18 
321  0 
322  0 
323  0 
324  51 
325  0 
326  0 
327  0 
328  637 
329  971 
330  0 
331  0 
332  1698 
333  2576 
334  0 
335  0 
336  0 
337  17 
338  0 
339  0 
340  0 
341  24 
342  0 
343  0 
344  0 
345  0 
346  0 
347  0 
348  0 
349  0 
350  0 
351  0 
352  0 
353  0 
354  0 
355  0 
356  0 
357  0 
358  0 
359  0 
360  0 
361  0 
362  0 
363  0 
364  0 
365  0 
366  0 
367  0 
368  0 
369  0 
370  0 
371  0 
372  0 
373  0 
374  0 
375  0 
376  0 
377  0 
378  0 
379  0 
380  0 
381  0 
382  0 
383  0 
384  0 
385  0 
386  0 
387  0 
388  0 
389  0 
390  0 
391  0 
392  46 
393  443 
394  0 
395  0 
396  173 
397  1383 
398  0 
399  0 
400  33 
401  1550 
402  229 
403  0 
404  64 
405  6110 
406  553 
407  0 
408  0 
409  0 
410  6 
411  0 
412  0 
413  0 
414  7 
415  0 
416  0 
417  0 
418  0 
419  0 
420  0 
421  0 
422  0 
423  0 
424  0 
425  0 
426  0 
427  0 
428  0 
429  0 
430  0 
431  0 
432  0 
433  0 
434  0 
435  0 
436  0 
437  0 
438  0 
439  0 
440  0 
441  0 
442  0 
443  0 
444  0 
445  0 
446  0 
447  0 
448  0 
449  0 
450  0 
451  0 
452  0 
453  0 
454  0 
455  0 
456  0 
457  0 
458  0 
459  0 
460  0 
461  0 
462  0 
463  0 
464  1 
465  39 
466  45 
467  0 
468  2 
469  150 
470  182 
471  0 
472  0 
473  1 
474  96 
475  126 
476  0 
477  10 
478  207 
479  529 
480  0 
481  0 
482  0 
483  0 
484  0 
485  0 
486  0 
487  0 
488  0 
489  0 
490  0 
491  0 
492  0 
493  0 
494  0 
495  0 
496  0 
497  0 
498  0 
499  0 
500  0 
501  0 
502  0 
503  0 
504  0 
505  0 
506  0 
507  0 
508  0 
509  0 
510  0 
511  0 
