34 
0  5148 
1  1 
2  0 
3  0 
4  89 
5  0 
6  0 
7  0 
8  9256 
9  1 
10  0 
11  0 
12  202 
13  1 
14  0 
15  0 
16  26 
17  1 
18  0 
19  0 
20  10 
21  0 
22  0 
23  0 
24  0 
25  0 
26  0 
27  0 
28  0 
29  0 
30  0 
31  0 
32  0 
33  0 
34  0 
35  0 
36  0 
37  0 
38  0 
39  0 
40  0 
41  0 
42  0 
43  0 
44  0 
45  0 
46  0 
47  0 
48  0 
49  0 
50  0 
51  0 
52  0 
53  0 
54  0 
55  0 
56  0 
57  0 
58  0 
59  0 
60  0 
61  0 
62  0 
63  0 
64  7 
65  3 
66  0 
67  0 
68  4 
69  5 
70  0 
71  0 
72  4214 
73  119 
74  0 
75  0 
76  219 
77  46 
78  0 
79  0 
80  8530 
81  320 
82  0 
83  0 
84  250 
85  115 
86  0 
87  0 
88  0 
89  6 
90  0 
91  0 
92  0 
93  2 
94  0 
95  0 
96  0 
97  0 
98  0 
99  0 
100  0 
101  0 
102  0 
103  0 
104  0 
105  0 
106  0 
107  0 
108  0 
109  0 
110  0 
111  0 
112  0 
113  0 
114  0 
115  0 
116  0 
117  0 
118  0 
119  0 
120  0 
121  0 
122  0 
123  0 
124  0 
125  0 
126  0 
127  0 
128  0 
129  7 
130  35 
131  0 
132  0 
133  4 
134  4 
135  0 
136  0 
137  32 
138  97 
139  2 
140  1 
141  29 
142  37 
143  0 
144  274 
145  270 
146  74 
147  2 
148  9 
149  68 
150  50 
151  2 
152  4 
153  229 
154  273 
155  0 
156  4 
157  90 
158  103 
159  0 
160  0 
161  0 
162  0 
163  0 
164  0 
165  0 
166  0 
167  0 
168  0 
169  0 
170  0 
171  0 
172  0 
173  0 
174  0 
175  0 
176  0 
177  0 
178  0 
179  0 
180  0 
181  0 
182  0 
183  0 
184  0 
185  0 
186  0 
187  0 
188  0 
189  0 
190  0 
191  0 
192  0 
193  0 
194  41 
195  0 
196  0 
197  0 
198  10 
199  0 
200  0 
201  0 
202  191 
203  32 
204  0 
205  0 
206  62 
207  10 
208  0 
209  1 
210  47 
211  67 
212  0 
213  0 
214  25 
215  42 
216  0 
217  35 
218  240 
219  94 
220  0 
221  12 
222  143 
223  75 
224  0 
225  0 
226  0 
227  0 
228  0 
229  0 
230  0 
231  0 
232  0 
233  0 
234  0 
235  0 
236  0 
237  0 
238  0 
239  0 
240  0 
241  0 
242  0 
243  0 
244  0 
245  0 
246  0 
247  0 
248  0 
249  0 
250  0 
251  0 
252  0 
253  0 
254  0 
255  0 
256  22 
257  0 
258  0 
259  0 
260  30 
261  0 
262  0 
263  0 
264  33 
265  2 
266  0 
267  0 
268  99 
269  15 
270  0 
271  0 
272  0 
273  0 
274  0 
275  0 
276  9 
277  6 
278  0 
279  0 
280  0 
281  0 
282  0 
283  0 
284  0 
285  0 
286  0 
287  0 
288  0 
289  0 
290  0 
291  0 
292  0 
293  0 
294  0 
295  0 
296  0 
297  0 
298  0 
299  0 
300  0 
301  0 
302  0 
303  0 
304  0 
305  0 
306  0 
307  0 
308  0 
309  0 
310  0 
311  0 
312  0 
313  0 
314  0 
315  0 
316  0 
317  0 
318  0 
319  0 
320  2 
321  6 
322  0 
323  0 
324  3 
325  5 
326  0 
327  0 
328  120 
329  49 
330  0 
331  0 
332  172 
333  120 
334  0 
335  0 
336  135 
337  272 
338  0 
339  0 
340  235 
341  1465 
342  0 
343  0 
344  0 
345  9 
346  0 
347  0 
348  1 
349  176 
350  0 
351  0 
352  0 
353  0 
354  0 
355  0 
356  0 
357  0 
358  0 
359  0 
360  0 
361  0 
362  0 
363  0 
364  0 
365  0 
366  0 
367  0 
368  0 
369  0 
370  0 
371  0 
372  0 
373  0 
374  0 
375  0 
376  0 
377  0 
378  0 
379  0 
380  0 
381  0 
382  0 
383  0 
384  0 
385  2 
386  1 
387  0 
388  0 
389  6 
390  3 
391  0 
392  0 
393  18 
394  8 
395  1 
396  0 
397  50 
398  69 
399  5 
400  14 
401  185 
402  49 
403  3 
404  10 
405  442 
406  97 
407  16 
408  1 
409  190 
410  77 
411  0 
412  12 
413  663 
414  126 
415  1 
416  0 
417  0 
418  0 
419  0 
420  0 
421  0 
422  0 
423  0 
424  0 
425  0 
426  0 
427  0 
428  0 
429  0 
430  0 
431  0 
432  0 
433  0 
434  0 
435  0 
436  0 
437  0 
438  0 
439  0 
440  0 
441  0 
442  0 
443  0 
444  0 
445  0 
446  0 
447  0 
448  0 
449  0 
450  1 
451  0 
452  0 
453  0 
454  5 
455  0 
456  0 
457  0 
458  10 
459  23 
460  0 
461  0 
462  83 
463  282 
464  0 
465  0 
466  21 
467  125 
468  0 
469  4 
470  50 
471  1141 
472  0 
473  43 
474  103 
475  198 
476  0 
477  29 
478  122 
479  1323 
480  0 
481  0 
482  0 
483  0 
484  0 
485  0 
486  0 
487  0 
488  0 
489  0 
490  0 
491  0 
492  0 
493  0 
494  0 
495  0 
496  0 
497  0 
498  0 
499  0 
500  0 
501  0 
502  0 
503  0 
504  0 
505  0 
506  0 
507  0 
508  0 
509  0 
510  0 
511  0 
