39 
0  6205 
1  24 
2  0 
3  0 
4  470 
5  9 
6  0 
7  0 
8  578 
9  100 
10  19 
11  0 
12  101 
13  35 
14  7 
15  0 
16  0 
17  1 
18  8 
19  0 
20  0 
21  0 
22  1 
23  0 
24  0 
25  0 
26  0 
27  3 
28  0 
29  0 
30  0 
31  0 
32  0 
33  0 
34  0 
35  0 
36  0 
37  0 
38  0 
39  0 
40  0 
41  0 
42  0 
43  0 
44  0 
45  0 
46  0 
47  0 
48  0 
49  0 
50  0 
51  0 
52  0 
53  0 
54  0 
55  0 
56  0 
57  0 
58  0 
59  0 
60  0 
61  0 
62  0 
63  0 
64  1589 
65  5 
66  0 
67  0 
68  268 
69  1 
70  0 
71  0 
72  1541 
73  931 
74  9 
75  0 
76  274 
77  350 
78  4 
79  0 
80  2 
81  76 
82  51 
83  0 
84  2 
85  32 
86  31 
87  0 
88  0 
89  0 
90  0 
91  0 
92  0 
93  0 
94  0 
95  0 
96  0 
97  0 
98  0 
99  0 
100  0 
101  0 
102  0 
103  0 
104  0 
105  0 
106  0 
107  0 
108  0 
109  0 
110  0 
111  0 
112  0 
113  0 
114  0 
115  0 
116  0 
117  0 
118  0 
119  0 
120  0 
121  0 
122  0 
123  0 
124  0 
125  0 
126  0 
127  0 
128  1745 
129  8 
130  0 
131  0 
132  211 
133  0 
134  0 
135  0 
136  332 
137  301 
138  0 
139  0 
140  91 
141  105 
142  1 
143  0 
144  11 
145  110 
146  467 
147  0 
148  3 
149  73 
150  240 
151  0 
152  0 
153  2 
154  66 
155  10 
156  0 
157  1 
158  28 
159  25 
160  0 
161  0 
162  0 
163  0 
164  0 
165  0 
166  0 
167  0 
168  0 
169  0 
170  0 
171  0 
172  0 
173  0 
174  0 
175  0 
176  0 
177  0 
178  0 
179  0 
180  0 
181  0 
182  0 
183  0 
184  0 
185  0 
186  0 
187  0 
188  0 
189  0 
190  0 
191  0 
192  1041 
193  0 
194  0 
195  0 
196  39 
197  0 
198  0 
199  0 
200  153 
201  72 
202  0 
203  0 
204  15 
205  13 
206  0 
207  0 
208  37 
209  64 
210  141 
211  1 
212  7 
213  22 
214  39 
215  0 
216  55 
217  48 
218  107 
219  133 
220  6 
221  12 
222  51 
223  68 
224  0 
225  0 
226  0 
227  0 
228  0 
229  0 
230  0 
231  0 
232  0 
233  0 
234  0 
235  0 
236  0 
237  0 
238  0 
239  0 
240  0 
241  0 
242  0 
243  0 
244  0 
245  0 
246  0 
247  0 
248  0 
249  0 
250  0 
251  0 
252  0 
253  0 
254  0 
255  0 
256  210 
257  19 
258  0 
259  0 
260  244 
261  20 
262  0 
263  0 
264  62 
265  86 
266  3 
267  0 
268  100 
269  843 
270  3 
271  0 
272  0 
273  0 
274  0 
275  0 
276  0 
277  0 
278  2 
279  0 
280  0 
281  0 
282  0 
283  1 
284  0 
285  0 
286  0 
287  0 
288  0 
289  0 
290  0 
291  0 
292  0 
293  0 
294  0 
295  0 
296  0 
297  0 
298  0 
299  0 
300  0 
301  0 
302  0 
303  0 
304  0 
305  0 
306  0 
307  0 
308  0 
309  0 
310  0 
311  0 
312  0 
313  0 
314  0 
315  0 
316  0 
317  0 
318  0 
319  0 
320  141 
321  3 
322  0 
323  0 
324  180 
325  9 
326  0 
327  0 
328  178 
329  837 
330  6 
331  0 
332  307 
333  14988 
334  16 
335  0 
336  0 
337  42 
338  20 
339  0 
340  2 
341  185 
342  60 
343  0 
344  0 
345  0 
346  0 
347  2 
348  0 
349  0 
350  0 
351  3 
352  0 
353  0 
354  0 
355  0 
356  0 
357  0 
358  0 
359  0 
360  0 
361  0 
362  0 
363  0 
364  0 
365  0 
366  0 
367  0 
368  0 
369  0 
370  0 
371  0 
372  0 
373  0 
374  0 
375  0 
376  0 
377  0 
378  0 
379  0 
380  0 
381  0 
382  0 
383  0 
384  70 
385  2 
386  0 
387  0 
388  82 
389  11 
390  0 
391  0 
392  66 
393  178 
394  0 
395  0 
396  65 
397  336 
398  2 
399  0 
400  5 
401  80 
402  196 
403  0 
404  6 
405  204 
406  271 
407  1 
408  0 
409  2 
410  20 
411  6 
412  0 
413  0 
414  22 
415  32 
416  0 
417  0 
418  0 
419  0 
420  0 
421  0 
422  0 
423  0 
424  0 
425  0 
426  0 
427  0 
428  0 
429  0 
430  0 
431  0 
432  0 
433  0 
434  0 
435  0 
436  0 
437  0 
438  0 
439  0 
440  0 
441  0 
442  0 
443  0 
444  0 
445  0 
446  0 
447  0 
448  7 
449  0 
450  0 
451  0 
452  19 
453  1 
454  0 
455  0 
456  12 
457  32 
458  0 
459  0 
460  13 
461  103 
462  0 
463  0 
464  11 
465  29 
466  48 
467  2 
468  4 
469  30 
470  67 
471  0 
472  12 
473  27 
474  52 
475  168 
476  0 
477  21 
478  51 
479  381 
480  0 
481  0 
482  0 
483  0 
484  0 
485  0 
486  0 
487  0 
488  0 
489  0 
490  0 
491  0 
492  0 
493  0 
494  0 
495  0 
496  0 
497  0 
498  0 
499  0 
500  0 
501  0 
502  0 
503  0 
504  0 
505  0 
506  0 
507  0 
508  0 
509  0 
510  0 
511  0 
