40 
0  9286 
1  32 
2  0 
3  0 
4  704 
5  11 
6  0 
7  0 
8  1379 
9  188 
10  0 
11  0 
12  151 
13  96 
14  0 
15  0 
16  0 
17  0 
18  0 
19  0 
20  0 
21  0 
22  0 
23  0 
24  0 
25  0 
26  0 
27  0 
28  0 
29  0 
30  0 
31  0 
32  0 
33  0 
34  0 
35  0 
36  0 
37  0 
38  0 
39  0 
40  0 
41  0 
42  0 
43  0 
44  0 
45  0 
46  0 
47  0 
48  0 
49  0 
50  0 
51  0 
52  0 
53  0 
54  0 
55  0 
56  0 
57  0 
58  0 
59  0 
60  0 
61  0 
62  0 
63  0 
64  1431 
65  27 
66  0 
67  0 
68  267 
69  5 
70  0 
71  0 
72  2720 
73  1035 
74  21 
75  0 
76  249 
77  358 
78  7 
79  0 
80  8 
81  135 
82  272 
83  0 
84  3 
85  78 
86  108 
87  0 
88  0 
89  0 
90  0 
91  0 
92  0 
93  0 
94  0 
95  0 
96  0 
97  0 
98  0 
99  0 
100  0 
101  0 
102  0 
103  0 
104  0 
105  0 
106  0 
107  0 
108  0 
109  0 
110  0 
111  0 
112  0 
113  0 
114  0 
115  0 
116  0 
117  0 
118  0 
119  0 
120  0 
121  0 
122  0 
123  0 
124  0 
125  0 
126  0 
127  0 
128  135 
129  1 
130  0 
131  0 
132  23 
133  1 
134  0 
135  0 
136  175 
137  112 
138  0 
139  0 
140  25 
141  24 
142  0 
143  0 
144  98 
145  225 
146  916 
147  2 
148  11 
149  98 
150  302 
151  0 
152  0 
153  6 
154  30 
155  2 
156  0 
157  4 
158  19 
159  2 
160  0 
161  0 
162  0 
163  0 
164  0 
165  0 
166  0 
167  0 
168  0 
169  0 
170  0 
171  0 
172  0 
173  0 
174  0 
175  0 
176  0 
177  0 
178  0 
179  0 
180  0 
181  0 
182  0 
183  0 
184  0 
185  0 
186  0 
187  0 
188  0 
189  0 
190  0 
191  0 
192  38 
193  0 
194  0 
195  0 
196  0 
197  0 
198  0 
199  0 
200  3 
201  4 
202  0 
203  0 
204  0 
205  2 
206  0 
207  0 
208  99 
209  62 
210  11 
211  1 
212  4 
213  10 
214  2 
215  0 
216  26 
217  95 
218  104 
219  6 
220  1 
221  19 
222  58 
223  3 
224  0 
225  0 
226  0 
227  0 
228  0 
229  0 
230  0 
231  0 
232  0 
233  0 
234  0 
235  0 
236  0 
237  0 
238  0 
239  0 
240  0 
241  0 
242  0 
243  0 
244  0 
245  0 
246  0 
247  0 
248  0 
249  0 
250  0 
251  0 
252  0 
253  0 
254  0 
255  0 
256  293 
257  9 
258  0 
259  0 
260  436 
261  24 
262  0 
263  0 
264  66 
265  201 
266  0 
267  0 
268  181 
269  4008 
270  0 
271  0 
272  0 
273  0 
274  0 
275  0 
276  0 
277  0 
278  0 
279  0 
280  0 
281  0 
282  0 
283  0 
284  0 
285  0 
286  0 
287  0 
288  0 
289  0 
290  0 
291  0 
292  0 
293  0 
294  0 
295  0 
296  0 
297  0 
298  0 
299  0 
300  0 
301  0 
302  0 
303  0 
304  0 
305  0 
306  0 
307  0 
308  0 
309  0 
310  0 
311  0 
312  0 
313  0 
314  0 
315  0 
316  0 
317  0 
318  0 
319  0 
320  133 
321  9 
322  0 
323  0 
324  102 
325  3 
326  0 
327  0 
328  179 
329  813 
330  14 
331  0 
332  234 
333  9814 
334  19 
335  0 
336  1 
337  104 
338  84 
339  0 
340  0 
341  178 
342  119 
343  0 
344  0 
345  0 
346  0 
347  0 
348  0 
349  0 
350  0 
351  0 
352  0 
353  0 
354  0 
355  0 
356  0 
357  0 
358  0 
359  0 
360  0 
361  0 
362  0 
363  0 
364  0 
365  0 
366  0 
367  0 
368  0 
369  0 
370  0 
371  0 
372  0 
373  0 
374  0 
375  0 
376  0 
377  0 
378  0 
379  0 
380  0 
381  0 
382  0 
383  0 
384  2 
385  1 
386  0 
387  0 
388  6 
389  1 
390  0 
391  0 
392  25 
393  55 
394  1 
395  0 
396  33 
397  74 
398  0 
399  0 
400  18 
401  183 
402  236 
403  1 
404  17 
405  241 
406  280 
407  0 
408  1 
409  8 
410  10 
411  2 
412  0 
413  21 
414  15 
415  12 
416  0 
417  0 
418  0 
419  0 
420  0 
421  0 
422  0 
423  0 
424  0 
425  0 
426  0 
427  0 
428  0 
429  0 
430  0 
431  0 
432  0 
433  0 
434  0 
435  0 
436  0 
437  0 
438  0 
439  0 
440  0 
441  0 
442  0 
443  0 
444  0 
445  0 
446  0 
447  0 
448  0 
449  0 
450  0 
451  0 
452  0 
453  0 
454  0 
455  0 
456  0 
457  0 
458  0 
459  0 
460  0 
461  2 
462  0 
463  0 
464  2 
465  15 
466  6 
467  0 
468  5 
469  23 
470  10 
471  0 
472  0 
473  92 
474  74 
475  6 
476  1 
477  121 
478  42 
479  4 
480  0 
481  0 
482  0 
483  0 
484  0 
485  0 
486  0 
487  0 
488  0 
489  0 
490  0 
491  0 
492  0 
493  0 
494  0 
495  0 
496  0 
497  0 
498  0 
499  0 
500  0 
501  0 
502  0 
503  0 
504  0 
505  0 
506  0 
507  0 
508  0 
509  0 
510  0 
511  0 
