41 
0  1844 
1  156 
2  3 
3  0 
4  316 
5  19 
6  3 
7  0 
8  4 
9  107 
10  22 
11  4 
12  0 
13  16 
14  18 
15  7 
16  0 
17  0 
18  0 
19  4 
20  0 
21  0 
22  2 
23  4 
24  0 
25  0 
26  0 
27  0 
28  0 
29  0 
30  0 
31  0 
32  0 
33  0 
34  0 
35  0 
36  0 
37  0 
38  0 
39  0 
40  0 
41  0 
42  0 
43  0 
44  0 
45  0 
46  0 
47  0 
48  0 
49  0 
50  0 
51  0 
52  0 
53  0 
54  0 
55  0 
56  0 
57  0 
58  0 
59  0 
60  0 
61  0 
62  0 
63  0 
64  1728 
65  73 
66  0 
67  0 
68  408 
69  30 
70  0 
71  0 
72  188 
73  574 
74  1688 
75  1 
76  78 
77  219 
78  131 
79  8 
80  0 
81  7 
82  4572 
83  49 
84  0 
85  3 
86  252 
87  22 
88  0 
89  0 
90  0 
91  0 
92  0 
93  0 
94  0 
95  0 
96  0 
97  0 
98  0 
99  0 
100  0 
101  0 
102  0 
103  0 
104  0 
105  0 
106  0 
107  0 
108  0 
109  0 
110  0 
111  0 
112  0 
113  0 
114  0 
115  0 
116  0 
117  0 
118  0 
119  0 
120  0 
121  0 
122  0 
123  0 
124  0 
125  0 
126  0 
127  0 
128  5325 
129  5 
130  0 
131  0 
132  332 
133  2 
134  0 
135  0 
136  550 
137  428 
138  40 
139  0 
140  149 
141  151 
142  16 
143  0 
144  10 
145  104 
146  693 
147  63 
148  2 
149  45 
150  379 
151  26 
152  0 
153  0 
154  24 
155  48 
156  0 
157  0 
158  5 
159  32 
160  0 
161  0 
162  0 
163  0 
164  0 
165  0 
166  0 
167  0 
168  0 
169  0 
170  0 
171  0 
172  0 
173  0 
174  0 
175  0 
176  0 
177  0 
178  0 
179  0 
180  0 
181  0 
182  0 
183  0 
184  0 
185  0 
186  0 
187  0 
188  0 
189  0 
190  0 
191  0 
192  673 
193  2 
194  0 
195  0 
196  43 
197  0 
198  0 
199  0 
200  1664 
201  349 
202  3 
203  0 
204  253 
205  85 
206  2 
207  0 
208  441 
209  447 
210  212 
211  5 
212  95 
213  188 
214  178 
215  3 
216  25 
217  18 
218  118 
219  306 
220  0 
221  3 
222  87 
223  370 
224  0 
225  0 
226  0 
227  0 
228  0 
229  0 
230  0 
231  0 
232  0 
233  0 
234  0 
235  0 
236  0 
237  0 
238  0 
239  0 
240  0 
241  0 
242  0 
243  0 
244  0 
245  0 
246  0 
247  0 
248  0 
249  0 
250  0 
251  0 
252  0 
253  0 
254  0 
255  0 
256  207 
257  69 
258  2 
259  0 
260  166 
261  49 
262  4 
263  0 
264  0 
265  42 
266  12 
267  10 
268  4 
269  25 
270  38 
271  132 
272  0 
273  0 
274  0 
275  14 
276  0 
277  0 
278  0 
279  105 
280  0 
281  0 
282  0 
283  0 
284  0 
285  0 
286  0 
287  0 
288  0 
289  0 
290  0 
291  0 
292  0 
293  0 
294  0 
295  0 
296  0 
297  0 
298  0 
299  0 
300  0 
301  0 
302  0 
303  0 
304  0 
305  0 
306  0 
307  0 
308  0 
309  0 
310  0 
311  0 
312  0 
313  0 
314  0 
315  0 
316  0 
317  0 
318  0 
319  0 
320  163 
321  34 
322  0 
323  0 
324  234 
325  17 
326  0 
327  0 
328  60 
329  447 
330  98 
331  1 
332  142 
333  878 
334  117 
335  22 
336  1 
337  2 
338  103 
339  39 
340  0 
341  4 
342  134 
343  215 
344  0 
345  0 
346  0 
347  0 
348  0 
349  0 
350  0 
351  0 
352  0 
353  0 
354  0 
355  0 
356  0 
357  0 
358  0 
359  0 
360  0 
361  0 
362  0 
363  0 
364  0 
365  0 
366  0 
367  0 
368  0 
369  0 
370  0 
371  0 
372  0 
373  0 
374  0 
375  0 
376  0 
377  0 
378  0 
379  0 
380  0 
381  0 
382  0 
383  0 
384  83 
385  4 
386  0 
387  0 
388  123 
389  3 
390  0 
391  0 
392  102 
393  249 
394  24 
395  0 
396  122 
397  302 
398  24 
399  0 
400  0 
401  64 
402  292 
403  37 
404  2 
405  111 
406  471 
407  269 
408  0 
409  0 
410  5 
411  42 
412  0 
413  0 
414  13 
415  78 
416  0 
417  0 
418  0 
419  0 
420  0 
421  0 
422  0 
423  0 
424  0 
425  0 
426  0 
427  0 
428  0 
429  0 
430  0 
431  0 
432  0 
433  0 
434  0 
435  0 
436  0 
437  0 
438  0 
439  0 
440  0 
441  0 
442  0 
443  0 
444  0 
445  0 
446  0 
447  0 
448  5 
449  1 
450  0 
451  0 
452  14 
453  0 
454  0 
455  0 
456  108 
457  278 
458  3 
459  0 
460  223 
461  563 
462  1 
463  0 
464  65 
465  385 
466  163 
467  2 
468  119 
469  1182 
470  303 
471  6 
472  0 
473  17 
474  81 
475  669 
476  1 
477  7 
478  150 
479  3085 
480  0 
481  0 
482  0 
483  0 
484  0 
485  0 
486  0 
487  0 
488  0 
489  0 
490  0 
491  0 
492  0 
493  0 
494  0 
495  0 
496  0 
497  0 
498  0 
499  0 
500  0 
501  0 
502  0 
503  0 
504  0 
505  0 
506  0 
507  0 
508  0 
509  0 
510  0 
511  0 
