42 
0  1455 
1  46 
2  1 
3  0 
4  224 
5  6 
6  3 
7  0 
8  14 
9  56 
10  107 
11  0 
12  2 
13  81 
14  13 
15  0 
16  0 
17  0 
18  0 
19  0 
20  0 
21  0 
22  0 
23  0 
24  0 
25  0 
26  0 
27  0 
28  0 
29  0 
30  0 
31  0 
32  0 
33  0 
34  0 
35  0 
36  0 
37  0 
38  0 
39  0 
40  0 
41  0 
42  0 
43  0 
44  0 
45  0 
46  0 
47  0 
48  0 
49  0 
50  0 
51  0 
52  0 
53  0 
54  0 
55  0 
56  0 
57  0 
58  0 
59  0 
60  0 
61  0 
62  0 
63  0 
64  2557 
65  17 
66  0 
67  0 
68  394 
69  11 
70  0 
71  0 
72  363 
73  799 
74  93 
75  0 
76  80 
77  276 
78  64 
79  0 
80  0 
81  14 
82  183 
83  2 
84  0 
85  6 
86  70 
87  2 
88  0 
89  0 
90  0 
91  0 
92  0 
93  0 
94  0 
95  0 
96  0 
97  0 
98  0 
99  0 
100  0 
101  0 
102  0 
103  0 
104  0 
105  0 
106  0 
107  0 
108  0 
109  0 
110  0 
111  0 
112  0 
113  0 
114  0 
115  0 
116  0 
117  0 
118  0 
119  0 
120  0 
121  0 
122  0 
123  0 
124  0 
125  0 
126  0 
127  0 
128  2021 
129  6 
130  0 
131  0 
132  123 
133  2 
134  0 
135  0 
136  1542 
137  601 
138  102 
139  0 
140  203 
141  155 
142  41 
143  0 
144  21 
145  133 
146  2595 
147  40 
148  3 
149  56 
150  684 
151  26 
152  0 
153  0 
154  68 
155  68 
156  0 
157  0 
158  23 
159  29 
160  0 
161  0 
162  0 
163  0 
164  0 
165  0 
166  0 
167  0 
168  0 
169  0 
170  0 
171  0 
172  0 
173  0 
174  0 
175  0 
176  0 
177  0 
178  0 
179  0 
180  0 
181  0 
182  0 
183  0 
184  0 
185  0 
186  0 
187  0 
188  0 
189  0 
190  0 
191  0 
192  3343 
193  4 
194  0 
195  0 
196  100 
197  1 
198  0 
199  0 
200  4206 
201  390 
202  2 
203  0 
204  353 
205  48 
206  0 
207  0 
208  20 
209  112 
210  178 
211  2 
212  10 
213  27 
214  76 
215  4 
216  4 
217  7 
218  46 
219  187 
220  2 
221  4 
222  17 
223  141 
224  0 
225  0 
226  0 
227  0 
228  0 
229  0 
230  0 
231  0 
232  0 
233  0 
234  0 
235  0 
236  0 
237  0 
238  0 
239  0 
240  0 
241  0 
242  0 
243  0 
244  0 
245  0 
246  0 
247  0 
248  0 
249  0 
250  0 
251  0 
252  0 
253  0 
254  0 
255  0 
256  93 
257  19 
258  0 
259  0 
260  149 
261  70 
262  3 
263  0 
264  2 
265  135 
266  3 
267  0 
268  3 
269  638 
270  10 
271  0 
272  0 
273  0 
274  0 
275  0 
276  0 
277  0 
278  0 
279  0 
280  0 
281  0 
282  0 
283  0 
284  0 
285  0 
286  0 
287  0 
288  0 
289  0 
290  0 
291  0 
292  0 
293  0 
294  0 
295  0 
296  0 
297  0 
298  0 
299  0 
300  0 
301  0 
302  0 
303  0 
304  0 
305  0 
306  0 
307  0 
308  0 
309  0 
310  0 
311  0 
312  0 
313  0 
314  0 
315  0 
316  0 
317  0 
318  0 
319  0 
320  176 
321  29 
322  0 
323  0 
324  238 
325  113 
326  0 
327  0 
328  69 
329  731 
330  39 
331  0 
332  168 
333  3003 
334  119 
335  0 
336  0 
337  4 
338  41 
339  15 
340  0 
341  22 
342  65 
343  248 
344  0 
345  0 
346  0 
347  0 
348  0 
349  0 
350  0 
351  0 
352  0 
353  0 
354  0 
355  0 
356  0 
357  0 
358  0 
359  0 
360  0 
361  0 
362  0 
363  0 
364  0 
365  0 
366  0 
367  0 
368  0 
369  0 
370  0 
371  0 
372  0 
373  0 
374  0 
375  0 
376  0 
377  0 
378  0 
379  0 
380  0 
381  0 
382  0 
383  0 
384  52 
385  3 
386  0 
387  0 
388  64 
389  7 
390  0 
391  0 
392  82 
393  443 
394  19 
395  0 
396  241 
397  1759 
398  73 
399  0 
400  1 
401  82 
402  359 
403  51 
404  6 
405  91 
406  570 
407  40 
408  0 
409  0 
410  18 
411  74 
412  0 
413  0 
414  24 
415  114 
416  0 
417  0 
418  0 
419  0 
420  0 
421  0 
422  0 
423  0 
424  0 
425  0 
426  0 
427  0 
428  0 
429  0 
430  0 
431  0 
432  0 
433  0 
434  0 
435  0 
436  0 
437  0 
438  0 
439  0 
440  0 
441  0 
442  0 
443  0 
444  0 
445  0 
446  0 
447  0 
448  21 
449  0 
450  0 
451  0 
452  20 
453  1 
454  0 
455  0 
456  117 
457  254 
458  0 
459  0 
460  253 
461  584 
462  2 
463  0 
464  2 
465  66 
466  64 
467  3 
468  10 
469  135 
470  112 
471  8 
472  0 
473  13 
474  14 
475  265 
476  3 
477  20 
478  55 
479  2835 
480  0 
481  0 
482  0 
483  0 
484  0 
485  0 
486  0 
487  0 
488  0 
489  0 
490  0 
491  0 
492  0 
493  0 
494  0 
495  0 
496  0 
497  0 
498  0 
499  0 
500  0 
501  0 
502  0 
503  0 
504  0 
505  0 
506  0 
507  0 
508  0 
509  0 
510  0 
511  0 
