ID_FICHIER : 0
k : 137
M : 16
 0
 1
 10
 22
 88
 196
 613
 5858
 978
 272
 96
 42
 13
 2
 1
 0
 0
 0
 2
 32
 175
 605
 1266
 3552
 1523
 600
 318
 97
 21
 1
 0
 0
 0
 1
 7
 31
 157
 364
 960
 4599
 1291
 443
 236
 87
 16
 0
 0
 0
 0
 0
 7
 43
 131
 313
 816
 5039
 1176
 441
 156
 64
 6
 0
 0
 0
 0
 0
 1
 29
 103
 314
 1019
 4460
 1632
 434
 163
 37
 0
 0
 0
 0
 0
 2
 10
 95
 165
 480
 991
 4134
 1318
 575
 316
 97
 9
 0
 0
 0
 0
 0
 1
 49
 220
 593
 1345
 3111
 1710
 772
 272
 88
 31
 0
 0
 0
 0
 0
 4
 25
 127
 331
 860
 4931
 1277
 407
 177
 39
 14
 0
 0
 0
 0
 0
 6
 56
 165
 226
 495
 5962
 686
 312
 192
 74
 17
 1
 0
 0
 0
 0
 1
 25
 106
 298
 849
 5189
 1123
 370
 170
 59
 2
 0
 0
 0
 0
 0
 8
 36
 181
 335
 898
 4693
 1270
 455
 226
 80
 10
 0
 0
 0
 0
 0
 10
 30
 83
 130
 376
 6505
 736
 182
 89
 35
 15
 1
 0
 0
 0
 0
 6
 34
 162
 396
 911
 4647
 1197
 543
 240
 50
 6
 0
 0
 0
 1
 5
 19
 41
 127
 358
 847
 4872
 1169
 465
 201
 62
 22
 3
 0
 0
 0
 0
 9
 22
 132
 387
 840
 4829
 1328
 368
 162
 88
 26
 1
 0
 0
 0
 1
 3
 27
 177
 428
 872
 4798
 1054
 530
 227
 65
 9
 1
 0
 0
 0
 0
 5
 64
 127
 258
 685
 5402
 1027
 372
 191
 48
 13
 0
 0
 0
 0
 1
 12
 45
 97
 312
 766
 5178
 1164
 365
 182
 51
 14
 4
 1
 0
 0
 0
 2
 48
 134
 322
 777
 5165
 980
 526
 206
 29
 3
 0
 0
 0
 0
 0
 7
 67
 202
 471
 1078
 3969
 1395
 658
 256
 69
 20
 0
 0
 0
 0
 0
 2
 19
 113
 427
 1040
 4356
 1474
 556
 158
 40
 7
 0
 0
 0
 1
 1
 14
 15
 50
 164
 595
 5984
 1027
 236
 63
 23
 14
 5
 0
 0
 0
 1
 19
 76
 231
 520
 874
 4112
 1254
 684
 320
 81
 8
 11
 1
 0
 0
 0
 8
 38
 81
 254
 955
 4855
 1421
 432
 97
 34
 14
 3
 0
 0
 0
 1
 9
 44
 147
 312
 892
 4713
 1357
 418
 188
 91
 18
 2
 0
 0
 0
 1
 5
 31
 112
 297
 653
 5546
 966
 355
 163
 59
 4
 0
 0
 0
 0
 0
 7
 125
 215
 533
 712
 4759
 872
 425
 365
 139
 39
 1
 0
 0
 0
 0
 13
 162
 604
 907
 1143
 2471
 969
 755
 717
 384
 67
 0
 0
 0
 0
 0
 1
 55
 158
 549
 1921
 2591
 1629
 716
 371
 152
 48
 1
 0
 0
 0
 0
 6
 212
 590
 841
 1262
 1720
 1649
 854
 760
 271
 27
 0
 0
 0
 0
 0
 4
 86
 239
 590
 1333
 3055
 1666
 690
 411
 117
 1
 0
 0
 0
 0
 0
 9
 321
 565
 684
 1087
 1957
 1667
 944
 643
 283
 32
 0
 0
 0
 0
 1
 23
 188
 644
 986
 1440
 1439
 1238
 996
 794
 403
 39
 1
 0
 0
 0
 0
 14
 80
 325
 721
 1036
 3314
 1374
 644
 552
 129
 3
 0
 0
 0
 0
 0
 31
 149
 384
 659
 1485
 1866
 2107
 848
 511
 131
 21
 0
 0
 0
 0
 0
 8
 55
 504
 710
 1260
 2379
 1676
 940
 532
 75
 45
 8
 0
 0
 0
 3
 11
 174
 619
 834
 1151
 2198
 1059
 1179
 778
 154
 31
 1
 0
 0
 0
 0
 3
 71
 132
 217
 545
 5524
 1196
 199
 206
 93
 6
 0
 0
 0
 0
 1
 9
 112
 245
 446
 944
 4347
 962
 612
 364
 135
 15
 0
 0
 0
 0
 0
 18
 137
 357
 643
 1027
 2991
 1539
 1017
 309
 151
 3
 0
 0
 0
 0
 7
 45
 169
 481
 840
 1220
 1787
 1702
 1252
 456
 196
 33
 4
 0
 0
 0
 0
 20
 127
 165
 445
 1153
 3513
 1832
 571
 254
 89
 23
 0
 0
 0
 0
 1
 5
 30
 375
 1019
 1618
 1894
 1500
 946
 553
 231
 18
 2
 0
 0
 0
 3
 15
 40
 393
 638
 993
 3894
 891
 704
 362
 230
 29
 0
 0
 0
 0
 0
 7
 68
 358
 508
 963
 3848
 1219
 765
 352
 90
 14
 0
 0
 0
 0
 0
 18
 185
 292
 432
 686
 3835
 1620
 787
 286
 51
 0
 0
 0
 0
 0
 0
 39
 214
 274
 329
 712
 4129
 1348
 763
 309
 67
 7
 1
 0
 0
 0
 0
 6
 108
 359
 753
 1429
 2048
 1951
 1069
 314
 127
 26
 2
 0
 0
 0
 6
 27
 154
 207
 453
 751
 4390
 1142
 557
 327
 145
 25
 8
 0
 0
 0
 1
 14
 319
 507
 636
 1038
 1754
 2090
 1202
 557
 68
 6
 0
 0
 0
 0
 1
 30
 131
 348
 569
 1175
 2703
 1893
 814
 409
 88
 24
 7
 0
 0
 0
 0
 10
 97
 292
 746
 1439
 2565
 1581
 825
 381
 223
 33
 0
 0
 0
 0
 0
 14
 172
 285
 300
 676
 4675
 996
 613
 313
 148
 0
 0
 0
 0
 0
 0
 12
 15
 228
 550
 789
 4680
 909
 538
 354
 92
 25
 0
 0
 0
 0
 1
 11
 55
 369
 686
 1524
 2114
 1890
 1080
 361
 98
 3
 0
 0
 0
 0
 0
 20
 93
 400
 732
 1225
 2347
 1830
 1030
 424
 69
 16
 4
 2
 0
 0
 2
 24
 139
 215
 372
 700
 4610
 1137
 613
 304
 67
 9
 0
 0
 0
 3
 19
 25
 61
 123
 205
 362
 6176
 681
 219
 140
 93
 48
 27
 9
 0
 1
 8
 62
 207
 481
 1002
 1387
 1535
 1325
 1140
 644
 301
 72
 24
 3
 0
 5
 16
 82
 284
 600
 901
 1119
 1435
 1531
 1124
 702
 309
 77
 7
 0
 0
 0
 0
 9
 62
 390
 1031
 1566
 1758
 1532
 1038
 542
 220
 44
 0
 0
 0
 0
 1
 10
 124
 510
 1119
 1408
 1641
 1336
 996
 644
 293
 95
 15
 0
 0
 0
 0
 0
 146
 530
 745
 1379
 2139
 1634
 838
 381
 249
 131
 20
 0
 0
 3
 7
 12
 99
 522
 1145
 1351
 1445
 1620
 983
 656
 297
 39
 10
 3
 0
 0
 2
 7
 29
 233
 576
 1456
 2992
 1686
 749
 388
 67
 7
 0
 0
 0
 0
 0
 5
 46
 329
 543
 993
 3982
 1168
 570
 395
 130
 30
 1
 0
 0
 0
 0
 0
 47
 303
 837
 1644
 2358
 1364
 874
 605
 141
 15
 4
 0
 0
 0
 0
 4
 72
 158
 576
 1228
 3442
 1592
 674
 329
 117
 0
 0
 0
 0
 0
 1
 0
 27
 456
 1098
 995
 3119
 893
 617
 477
 441
 62
 6
 0
 0
 0
 0
 7
 71
 679
 865
 1225
 2456
 1066
 662
 654
 491
 16
 0
 0
 0
 0
 0
 0
 84
 507
 888
 1427
 2032
 1452
 891
 581
 278
 52
 0
 0
 0
 0
 0
 10
 108
 184
 589
 1371
 2895
 1992
 606
 299
 136
 2
 0
 0
 0
 0
 0
 0
 81
 326
 818
 1598
 1973
 1808
 1025
 382
 140
 39
 2
 0
 0
 0
 0
 0
 63
 222
 736
 1577
 2500
 1720
 796
 436
 137
 5
 0
 0
 0
 0
 0
 5
 112
 522
 862
 1275
 1857
 1611
 1318
 465
 156
 9
 0
 0
 0
 0
 1
 31
 113
 191
 377
 1000
 3879
 1669
 607
 253
 60
 11
 0
 0
 0
 2
 2
 19
 130
 301
 618
 923
 3502
 1343
 870
 369
 78
 28
 7
 0
 0
 0
 0
 0
 31
 520
 1112
 1591
 1681
 1358
 772
 697
 380
 48
 2
 0
 0
 0
 0
 0
 6
 264
 462
 1016
 4418
 1069
 442
 374
 138
 3
 0
 0
 0
 0
 0
 0
 51
 317
 700
 1441
 2753
 1593
 770
 356
 179
 32
 0
 0
 0
 0
 0
 15
 77
 190
 404
 956
 4418
 1226
 483
 283
 134
 6
 0
 0
 0
 0
 3
 19
 150
 387
 652
 1388
 2544
 1494
 728
 525
 253
 49
 0
 0
 0
 0
 0
 2
 43
 137
 240
 325
 6422
 553
 225
 163
 78
 4
 0
 0
 0
 0
 0
 2
 79
 253
 640
 1630
 2483
 1684
 878
 378
 132
 31
 2
 0
 0
 0
 0
 0
 38
 210
 528
 905
 4389
 1251
 416
 261
 150
 44
 0
 0
 0
 0
 0
 8
 109
 250
 460
 937
 4020
 1445
 515
 275
 149
 22
 2
 0
 0
 0
 2
 13
 29
 160
 468
 1418
 3751
 1383
 500
 277
 135
 50
 6
 0
 0
 0
 0
 0
 25
 252
 821
 1220
 3619
 961
 509
 502
 266
 17
 0
 0
 0
 0
 0
 0
 6
 162
 751
 1368
 3133
 1674
 588
 334
 132
 43
 1
 0
 0
 1
 5
 21
 48
 178
 679
 1273
 3109
 1729
 795
 201
 113
 34
 6
 0
 0
 0
 0
 0
 14
 43
 184
 719
 5596
 1272
 228
 68
 41
 18
 8
 1
 0
 0
 0
 31
 126
 184
 650
 1343
 3176
 1331
 689
 498
 143
 19
 2
 0
 0
 0
 0
 2
 9
 260
 667
 1212
 3972
 868
 572
 368
 251
 11
 0
 0
 0
 0
 6
 21
 96
 252
 421
 977
 3771
 1606
 701
 295
 46
 0
 0
 0
 0
 0
 0
 0
 0
 2
 30
 314
 7060
 716
 65
 5
 0
 0
 0
 0
 0
 0
 4
 16
 75
 306
 875
 1600
 2171
 1578
 806
 461
 204
 84
 12
 0
 0
 0
 0
 0
 24
 510
 869
 1259
 2691
 1195
 741
 544
 326
 31
 2
 0
 0
 0
 0
 0
 32
 191
 639
 1233
 3471
 1524
 739
 235
 93
 33
 2
 0
 0
 0
 0
 0
 58
 318
 473
 1224
 3795
 1198
 529
 365
 197
 31
 4
 0
 0
 0
 0
 0
 160
 260
 590
 1341
 2706
 1860
 758
 263
 219
 35
 0
 0
 0
 0
 3
 15
 117
 262
 563
 1308
 3176
 1468
 771
 329
 125
 51
 4
 0
 0
 1
 5
 29
 164
 443
 714
 1190
 2374
 1710
 822
 428
 269
 37
 6
 0
 0
 0
 0
 3
 42
 77
 517
 1703
 3381
 1442
 530
 295
 167
 34
 1
 0
 0
 0
 0
 15
 487
 714
 894
 800
 979
 1713
 1696
 829
 62
 3
 0
 0
 0
 0
 0
 20
 82
 324
 865
 1410
 2495
 1303
 964
 498
 198
 31
 2
 0
 0
 0
 0
 13
 132
 331
 555
 1159
 3254
 1485
 633
 422
 205
 3
 0
 0
 0
 0
 0
 3
 26
 67
 370
 925
 5041
 1103
 438
 129
 59
 31
 0
 0
 0
 0
 0
 1
 128
 309
 467
 1235
 3074
 1863
 603
 356
 136
 18
 2
 0
 0
 0
 0
 15
 241
 645
 758
 894
 2351
 1274
 1157
 556
 276
 24
 1
 0
 0
 0
 0
 0
 33
 130
 384
 1586
 3318
 1991
 411
 191
 119
 26
 3
 0
 0
 0
 0
 6
 74
 410
 917
 1372
 2287
 1365
 997
 507
 201
 50
 6
 0
 0
 0
 0
 4
 186
 693
 741
 856
 2387
 1418
 1103
 618
 186
 0
 0
 0
 0
 0
 1
 28
 201
 666
 942
 1229
 1502
 1409
 1160
 696
 329
 29
 0
 0
 0
 0
 0
 0
 5
 193
 862
 1636
 2386
 1856
 660
 391
 197
 6
 0
 0
 0
 0
 0
 1
 18
 68
 323
 836
 5525
 818
 313
 170
 109
 11
 0
 0
 0
 0
 0
 16
 185
 228
 245
 378
 5412
 832
 638
 226
 30
 2
 0
 0
 0
 0
 0
 11
 111
 399
 740
 835
 3324
 1337
 907
 325
 129
 69
 5
 0
 0
 0
 0
 2
 237
 396
 733
 1128
 2419
 1506
 1009
 561
 190
 11
 0
 0
 0
 0
 0
 7
 78
 482
 761
 1491
 2237
 1443
 816
 565
 288
 24
 0
 0
 0
 0
 0
 6
 108
 268
 418
 890
 4105
 1408
 562
 318
 88
 21
 0
 0
 0
 0
 0
 0
 119
 391
 799
 844
 3185
 1438
 702
 524
 185
 5
 0
 0
 0
 0
 0
 7
 281
 493
 947
 1181
 1819
 1416
 985
 769
 249
 45
 0
 0
 0
 0
 0
 1
 60
 240
 598
 1266
 3440
 1394
 693
 355
 129
 16
 0
 0
 0
 0
 0
 0
 237
 542
 508
 795
 2984
 1394
 1283
 378
 62
 9
 0
 0
 0
 0
 6
 22
 56
 145
 171
 271
 6149
 859
 337
 154
 17
 5
 0
 0
 0
 0
 0
 0
 33
 209
 758
 1624
 2249
 2081
 861
 242
 101
 24
 7
 3
 0
 0
 0
 23
 159
 257
 530
 1182
 3005
 1838
 695
 365
 87
 49
 2
 0
 0
 0
 0
 3
 46
 357
 1198
 1634
 1478
 1573
 1007
 669
 212
 15
 0
 0
 0
 0
 2
 16
 51
 204
 466
 1382
 3461
 1612
 592
 303
 69
 34
 0
 0
 0
 0
 0
 0
 0
 30
 245
 841
 5070
 1656
 307
 43
 0
 0
 0
 0
 0
 0
 0
 0
 39
 140
 231
 512
 5947
 900
 152
 121
 78
 62
 10
 0
 0
 0
 0
 14
 85
 331
 692
 1621
 2165
 1868
 729
 425
 216
 44
 2
 0
 0
 0
 0
 3
 77
 373
 782
 1172
 3130
 1180
 694
 508
 244
 23
 5
 1
 0
 0
 6
 39
 225
 414
 670
 1251
 1818
 2158
 911
 497
 185
 18
 0
 0
 0
 0
 0
 2
 133
 628
 835
 1114
 2033
 1631
 886
 650
 267
 13
 0
 0
 0
 0
 1
 13
 139
 449
 775
 1134
 2445
 1482
 1059
 498
 172
 25
 0
 0
 0
 0
 0
 0
 3
 100
 323
 416
 6161
 694
 346
 138
 10
 1
 0
 0
 0
